207009 49693 45597 -303268 -294499 296672 49926 116761 207336 -114286 -103015 -142373 -280282 199668 -73177 447801 81511 -188375 374 -90921 -348690 477007 720630 8638 2024 132101 -466192 -66469 369686 -116008 -108447 -104331 404205 -383625 198101 -43620 25399 -398683 -168567 45927 80064 68533 -21879 355832 442503 16700 -394343 -456226 173667 -612740 -14998 -342179 -260152 188277 303167 268423 348409 -441705 -6822 -375062 45287 -264892 -36364 -338485 500391 71256 -317574 -175444 361113 -297336 -119565 -167444 44440 160788 -349345 78397 -533328 -159017 -287636 -64809 -85284 -142881 171397 582805 -161830 -34934 86609 3398 84049 -96228 -439953 130151 -52332 -661102 -31238 195688 -99926 -30007 -278074 37436 -31341 -469993 686734 13279 -45409 -322686 50683 -385698 192833 -362723 196152 147768 -296627 196793 -96302 35327 -17672 334446 -7245 -553792 257858 -31559 -125833 -374167 -225689 304262 -491143 349042
49693 105184 -23887 -59040 -57218 94420 16955 39601 91617 32555 -96420 -96266 -78836 71955 65550 121126 32494 -116459 5460 23922 -82130 65952 219655 -43773 9622 6419 -111397 2221 42434 -13935 -38410 -55970 78069 -137728 49635 5960 -8020 -49392 -39716 -46638 40742 -7237 -11336 88219 171445 46881 -103084 -178263 30822 -147689 -137010 -58582 9687 70445 134341 12491 110435 -38316 -55153 -160562 -52576 -76587 -32532 -45492 199537 -21269 -29676 -149924 73052 -107367 -41145 -101156 13662 -22684 -114292 -3167 -178956 -75354 -33798 -37213 -19248 -3927 36081 197876 -58605 5932 70674 64512 60353 44787 -135313 161774 -31424 -250874 -88120 48924 6415 28702 -91979 87378 -41436 -27469 228183 -24859 -5989 -78349 -23908 -128468 62641 -134461 93904 41146 -121675 90064 -19911 -28193 34909 13258 12984 -155094 72238 -53031 -8560 -70732 -30371 57624 -115227 82676
45597 -23887 97894 -94030 -58625 67110 -46351 6518 18450 -67388 -31384 4186 -75935 40500 -126344 97353 23755 13513 -13066 -73598 -117103 173601 213391 -49968 -76763 -33835 -64458 -14646 102148 -47846 -52696 -12229 161897 -14487 3663 44015 34968 -55941 -41235 14230 32062 49041 -43083 74713 78760 4004 -53912 -46786 29560 -184211 19748 -111633 -102751 10759 18652 11490 91910 -139380 19962 -51037 25467 -82967 -25065 -107293 84132 -6198 -174523 53940 107678 -93377 -11451 -32825 -12387 68173 -18036 16785 -118937 -55732 -163732 11076 -7178 -69001 24799 159189 -94356 -22939 -16696 26479 14164 -14118 -85556 66466 53252 -126861 6654 81170 -134858 27880 -68404 -79622 -30701 -145353 113921 12526 45673 -65713 16284 -92854 9559 -36438 34678 7550 -86969 11787 -36247 32834 -40949 156602 12293 -113110 88281 41447 34543 -146856 -46455 41651 -92526 37674
-303268 -59040 -94030 485464 475774 -465661 -70727 -178519 -338837 182352 189840 204421 433392 -306379 134086 -713333 -128777 285908 -18629 141069 576122 -733200 -1150800 -13641 37793 -216051 725661 135079 -603120 167929 189593 179122 -637175 612647 -328743 73109 -15859 589005 269673 -62396 -121483 -82953 49345 -555145 -697478 -32456 602789 702370 -267377 973354 32794 549343 413610 -311073 -493336 -407563 -540133 698163 -20679 582520 -85300 428683 44565 546825 -787151 -100536 514099 276406 -581890 491274 196140 241844 -83032 -246160 557821 -141799 850891 255321 469231 123173 136144 233045 -267266 -902278 255279 61830 -137155 11903 -162173 148936 691548 -201409 64324 1023582 46130 -296370 165557 32404 428309 -61197 57770 753340 -1071687 -16482 92405 542122 -84042 584136 -295592 543778 -318663 -239540 444232 -293914 151409 -77552 16236 -552999 7975 869246 -398723 50477 180856 564573 354645 -475515 774945 -567425
-294499 -57218 -58625 475774 546704 -499066 -101132 -204730 -405784 170638 211273 278017 448581 -347489 64106 -811320 -119149 342865 -72904 124521 560853 -732379 -1193477 -53064 29057 -254565 749611 164441 -675741 154089 182306 218057 -648594 664251 -389979 109685 -7685 610190 246843 -89078 -143909 -52767 38970 -573481 -699381 -37331 675521 796216 -311199 984929 53579 559711 439811 -347842 -542014 -449129 -566179 760028 -39926 636133 -81219 452688 14664 598056 -875239 -127586 417445 359465 -569471 508151 234096 239615 -114048 -252389 620525 -200705 884659 277120 444202 145782 128296 204637 -287622 -912089 199328 62886 -145037 59414 -228363 114485 762592 -152638 79540 1076108 58217 -348811 98929 95892 439147 -127074 52693 755200 -1176012 -8013 165226 568599 -79830 585628 -353858 582659 -356810 -251737 450135 -311422 151417 -79451 -22235 -577671 19064 930349 -412153 101152 237862 558628 393284 -491816 843724 -613258
296672 94420 67110 -465661 -499066 491506 74004 194811 385291 -153120 -224522 -259463 -445397 331229 -76086 759894 122659 -337762 43511 -115385 -569768 706403 1183183 15946 -25148 215954 -732537 -137698 616614 -167024 -191951 -206416 633382 -646889 354290 -71960 -6374 -571943 -257634 51261 139512 63769 -45156 562151 713776 51933 -635045 -763070 283373 -965606 -91029 -547162 -397702 327547 533442 393393 562167 -701827 5832 -624340 69035 -437440 -41351 -549397 844326 93457 -446771 -341901 555346 -504401 -219013 -258136 96191 228711 -597875 153267 -874102 -281772 -446833 -134810 -127026 -213289 265633 924213 -236787 -50562 152542 -4370 194208 -106434 -728759 229640 -75908 -1076034 -87303 319457 -135869 -43230 -447709 116688 -72973 -709349 1122567 -797 -124209 -543174 69714 -597690 319093 -576188 354694 241626 -461911 316205 -155156 59521 10851 537871 2326 -900304 408560 -91090 -193239 -553268 -363054 476794 -796914 576427
49926 16955 -46351 -70727 -101132 74004 85977 41160 89293 -5716 -38590 -53987 -61751 58540 59956 150331 28655 -95857 32593 25261 -75187 83750 166305 46074 36666 106637 -174477 -42298 102814 3484 -4786 -41934 58723 -174520 111175 -64363 -12520 -134767 -49074 9054 5959 -23987 12127 118025 143707 3208 -136577 -171034 50680 -143301 -13680 -75910 -55372 89589 124287 124598 77165 -99941 11911 -137075 -240 -71291 24224 -87396 166576 42555 -8426 -133243 94850 -69507 -49417 -40036 41385 22431 -157453 50701 -155680 -19555 -3376 -61774 -43965 -14272 68500 132850 862 -2850 50685 -43705 58411 -30715 -140060 -20157 -60338 -194459 -3934 18156 67957 -46804 -65130 78500 17948 -126186 249232 10443 -71643 -128798 17474 -90104 85595 -124329 64830 76561 -61381 69932 -5091 8535 37521 49955 -18998 -163960 41856 -35624 -89575 -41175 -71172 103036 -166112 164573
116761 39601 6518 -178519 -204730 194811 41160 83567 159677 -54081 -81972 -113748 -174445 134253 -4215 305954 45434 -143927 22227 -38049 -213510 267832 455759 23968 7616 103815 -295067 -56967 247931 -59895 -68503 -84974 237648 -269323 151054 -45530 -6158 -238446 -97302 27019 53576 16342 -8307 221340 280736 17780 -263179 -316530 117966 -372916 -35027 -208770 -151518 138316 222052 174182 220153 -276978 1104 -252362 26056 -168102 -10168 -216497 342242 47279 -150104 -155096 214947 -193925 -91709 -99755 43571 86546 -248339 66535 -345475 -108002 -154825 -58233 -51228 -73253 110447 355335 -73708 -19301 66167 -14830 81416 -45667 -294544 71471 -43298 -426562 -32375 124709 -24214 -31909 -171514 66022 -20846 -276691 455018 -3292 -65654 -214994 28089 -232161 138574 -235877 141011 100193 -174944 131191 -58262 20184 13624 199964 -6666 -361449 155430 -49235 -95769 -206944 -148653 194869 -323047 236451
207336 91617 18450 -338837 -405784 385291 89293 159677 348982 -81328 -221883 -224540 -341181 267163 11092 629349 98584 -311365 71759 -39344 -442402 484569 924738 30323 -13869 207769 -583524 -134747 482560 -98755 -145015 -187217 456846 -557597 324367 -76584 -46002 -414624 -196880 16220 106588 -5150 -36895 447279 577652 59397 -504453 -636314 214225 -727421 -128133 -413291 -277227 289438 468203 304737 432014 -518352 15550 -519188 37553 -347175 -6423 -418432 694427 67652 -274049 -350906 417213 -405949 -194001 -198778 99192 141600 -519035 145333 -700659 -227589 -296389 -151068 -106793 -142215 211767 706847 -154704 -29755 143401 -22344 205021 -54377 -589453 178043 -77760 -859870 -91790 227633 -45817 -41057 -340916 161888 -58908 -517701 917493 -11571 -148943 -455766 50643 -451595 269016 -454830 307442 212022 -347514 259877 -108598 42068 59704 388727 2005 -712628 299237 -106857 -166197 -369359 -284007 370597 -636125 493091
-114286 32555 -67388 182352 170638 -153120 -5716 -54081 -81328 110790 15506 44341 148469 -96629 116061 -236030 -36088 48061 4969 96343 194979 -312450 -381604 -13876 27853 -60232 239182 43145 -238693 79793 61899 40770 -254496 159520 -92110 19236 -36988 234869 88216 -63430 -40411 -67232 15583 -184947 -193172 16200 207176 199830 -107216 348109 -72720 209647 199689 -77460 -114295 -160766 -181575 297558 -29712 158915 -63857 144286 14619 218895 -229080 -54975 222262 9099 -207491 148744 54731 56538 -17838 -134257 153129 -56189 261317 72308 207394 8291 38143 102103 -92117 -293375 90115 33936 -7236 25760 -23442 82070 223718 -9377 -725 303994 -28142 -128484 101448 31948 144175 47622 5942 310948 -331229 -23881 13844 168647 -42863 192713 -90454 165041 -79088 -63144 141618 -73550 60063 -46474 47619 -246617 7533 289056 -148244 -17808 66513 240120 136645 -165457 265613 -172303
-103015 -96420 -31384 189840 211273 -224522 -38590 -81972 -221883 15506 206134 134170 197293 -155897 -15330 -363893 -74734 203321 -51217 -5064 280459 -242433 -576366 42873 54854 -82825 314940 80672 -240924 40366 107553 127692 -262870 328425 -181938 6322 42632 158296 120284 49376 -72224 27411 53464 -257056 -372760 -71376 256492 370657 -92196 424442 172290 233346 115344 -175680 -296445 -98800 -256102 241341 2414 328121 17152 220881 15910 217247 -428265 10645 169744 244852 -241067 274286 114645 143253 -56611 -36383 299949 -74037 435157 159538 180608 112880 62771 78720 -108259 -441534 133020 11860 -104383 -38643 -161869 -25294 341210 -213984 24839 530823 104566 -120174 53397 -32888 206461 -116096 70188 247380 -540700 19478 66896 280022 -7674 270709 -139237 253186 -209602 -123563 229623 -155824 58064 -18057 -58982 -206539 -23163 402236 -177282 66078 38444 193386 134587 -179901 342343 -280962
-142373 -96266 4186 204421 278017 -259463 -53987 -113748 -224540 44341 134170 274838 219558 -224635 -66079 -431842 -57627 221805 -63676 63008 174705 -361196 -589353 32246 29874 -46752 279353 41495 -312896 50799 76920 139535 -327436 277417 -155653 46752 -95780 263841 52316 -51442 -134564 -38328 20637 -233037 -312776 -44812 367331 476023 -181690 462193 130794 216098 184132 -168845 -255395 -182682 -303065 355225 31120 373828 61298 237615 32068 301722 -534893 -58191 87174 271328 -231423 260303 118957 186752 -50152 -90726 254431 -121089 433156 176231 187173 44004 22924 21404 -141220 -470785 74439 41072 -88505 -13878 -190435 -70594 414877 -156535 29591 575928 91693 -285371 -4068 91892 216150 -117279 47607 259144 -659204 15640 61812 208426 23554 295180 -230019 324799 -197376 -79220 290052 -169891 63454 -7228 -37707 -245496 26456 459622 -233744 102542 122422 307251 175672 -169684 406819 -230976
-280282 -78836 -75935 433392 448581 -445397 -61751 -174445 -341181 148469 197293 219558 420743 -304899 89099 -695373 -119153 295677 -25755 116525 532139 -669041 -1095590 -8398 22655 -199555 669113 121559 -559695 155656 173811 174424 -598031 579688 -314040 58260 -7910 539975 242759 -51103 -126970 -63168 50504 -524595 -660693 -44674 575498 689187 -247498 902503 70803 505277 367856 -296497 -480296 -368799 -520921 645688 -3802 564551 -60360 404746 41928 505424 -762078 -88936 445813 294198 -530137 468253 192462 244323 -74085 -216104 532934 -135141 806267 262369 424514 123007 123474 202941 -248055 -863468 233147 49020 -136129 -2785 -169017 112301 664586 -215221 61330 988981 65414 -293277 144779 32481 401436 -85605 63728 673807 -1027205 -4431 88017 493391 -74731 558781 -289113 518130 -315623 -224078 434057 -291625 142083 -55755 -7835 -500975 5384 826773 -379537 66548 168486 526046 333141 -436261 729919 -525410
199668 71955 40500 -306379 -347489 331229 58540 134253 267163 -96629 -155897 -224635 -304899 250887 -20183 539494 86438 -239798 44029 -87310 -340856 495608 802184 -8270 -30120 123856 -453496 -82931 419604 -95080 -117412 -145834 443752 -405708 226506 -51994 51247 -386147 -142933 51839 121407 45885 -37835 364851 462002 39804 -445769 -547957 200851 -653770 -85063 -346435 -269871 222420 346126 269041 388907 -481473 -3517 -441639 3090 -308227 -29862 -389099 610243 73406 -262594 -261992 369953 -347827 -146589 -200578 58780 150235 -373338 127506 -589138 -205670 -294951 -83788 -73371 -110798 188011 632298 -147558 -44738 103558 354 173280 -26633 -511811 164553 -39537 -737990 -64556 272280 -70276 -61508 -288355 88605 -49267 -457785 802519 -577 -70323 -340566 30386 -402856 246094 -393109 240247 148393 -340918 215606 -95983 35764 22752 363776 -18509 -610528 290031 -73002 -138389 -396247 -243905 289191 -543705 366845
-73177 65550 -126344 134086 64106 -76086 59956 -4215 11092 116061 -15330 -66079 89099 -20183 214120 -81954 -22081 -51957 45538 106410 173177 -237015 -235360 23233 62973 13957 130733 16476 -134029 89559 60293 -11824 -194222 26648 -4236 -47311 -15231 119327 80718 -32561 -6355 -87767 33575 -109563 -93604 23333 61476 8812 -39583 230945 -112849 166132 158749 4916 -1188 -50134 -98378 197690 -36923 21996 -92288 79722 28096 126674 -36466 -7834 271344 -142429 -143291 83022 3440 4821 17112 -120143 34799 4023 126053 32458 215794 -29881 21071 127324 -29521 -177117 121294 22849 40979 -11556 58497 95680 76051 -17826 -50130 120995 -48040 -53602 192676 -39860 95154 145282 17284 236294 -84180 -31162 -55146 92059 -47993 116254 16886 42480 -14203 -18941 71882 -4877 55357 -49201 92617 -209329 -23676 132280 -97220 -82784 -28212 187127 69162 -97046 114204 -61570
447801 121126 97353 -713333 -811320 759894 150331 305954 629349 -236030 -363893 -431842 -695373 539494 -81954 1245337 196315 -543163 109687 -170142 -861181 1102269 1847372 39325 -56028 364726 -1128157 -240144 993814 -227648 -280926 -332935 994261 -1009134 584596 -135805 16257 -897043 -378605 102574 230587 69402 -80812 882655 1094195 80727 -1013633 -1225893 448253 -1503120 -144089 -843413 -637810 530202 835697 643343 874706 -1118071 40197 -992066 85422 -701950 -32928 -890343 1351494 169227 -640559 -577979 868489 -794229 -354123 -399405 161623 357916 -940186 295191 -1365338 -444747 -677290 -235620 -199965 -304943 432685 1426931 -335591 -87965 234447 -48448 368209 -137803 -1166027 308284 -111617 -1676099 -119248 531506 -169014 -116995 -672138 205568 -99247 -1116870 1811473 8233 -221653 -860122 112126 -913080 534801 -887513 560428 385517 -722679 487905 -225637 106480 54386 858091 -20454 -1415551 635223 -152102 -329749 -852243 -581815 724920 -1271498 927401
81511 32494 23755 -128777 -119149 122659 28655 45434 98584 -36088 -74734 -57627 -119153 86438 -22081 196315 46790 -91983 7720 -22818 -158808 188200 321809 -13291 -15633 57103 -197769 -35300 144356 -34401 -49903 -51054 169023 -173334 90851 -12345 5967 -146698 -76758 -2566 34486 11812 -23411 157831 208831 19646 -156550 -198921 58124 -266037 -40904 -143514 -93704 90415 143469 97914 147740 -164800 -377 -174200 1785 -123582 -13103 -136679 224986 16831 -138623 -99724 161750 -143817 -52757 -81208 20853 49076 -155215 37068 -243922 -74357 -118166 -47495 -42782 -57472 74315 258924 -82589 -14415 47541 12128 61040 -24278 -190567 86292 -18309 -294536 -25466 72878 -41765 3919 -115750 28472 -20784 -190529 308587 4739 -16538 -154312 17540 -166810 81436 -148919 94822 71600 -135095 87281 -34274 15775 9343 135010 -1163 -234091 107275 -13118 -38090 -145565 -86812 118776 -205677 161403
-188375 -116459 13513 285908 342865 -337762 -95857 -143927 -311365 48061 203321 221805 295677 -239798 -51957 -543163 -91983 302775 -60769 12311 367203 -405150 -798552 -17763 -12225 -178139 519125 100678 -391957 81440 116071 167360 -378011 503296 -281483 67593 36861 364306 170244 2820 -95906 4461 24114 -393047 -523453 -60590 449179 581308 -185045 621688 147631 344182 214500 -255782 -420284 -261424 -379061 421713 12888 479410 -6207 298329 13189 342005 -626607 -54029 206506 347119 -349181 348665 169136 197762 -87042 -102906 464966 -114165 617643 197686 225443 134229 94377 108338 -185954 -628940 134821 17686 -141923 -1390 -180668 28774 519003 -186246 89135 777903 105035 -193459 12208 34943 307375 -170526 53062 414777 -824417 13613 127521 389412 -29768 408875 -244014 424140 -276198 -187733 320841 -245677 89061 -16178 -61367 -297705 -4019 622173 -259381 107513 152344 313606 237866 -320933 550909 -430226
374 5460 -13066 -18629 -72904 43511 32593 22227 71759 4969 -51217 -63676 -25755 44029 45538 109687 7720 -60769 52401 13819 -21195 26007 95533 11468 -20628 30872 -46914 -36107 76358 15045 -9787 -46086 37745 -69615 64801 -25170 -3352 -17957 3087 6671 24341 -27947 -6623 40111 43393 14091 -72266 -102420 37047 -58534 -41547 -33022 -33501 47738 63841 31394 41452 -64976 22702 -77753 -12189 -49268 22434 -64196 113642 12535 44999 -90123 22357 -48567 -38692 -13877 31897 3965 -73061 58156 -74598 -30699 -6447 -35349 -2386 11925 27352 53039 18024 -6323 17289 -29730 82014 38306 -86686 -4430 -6591 -90685 -20846 50415 38932 -37894 -28838 56730 -6032 -29066 139575 -3843 -58424 -60852 -6611 -24680 55237 -48481 51899 22778 -31065 22486 -1618 10771 36110 46842 -5420 -81175 28077 -37667 -37014 -12869 -37117 21028 -83545 68578
-90921 23922 -73598 141069 124521 -115385 25261 -38049 -39344 96343 -5064 63008 116525 -87310 106410 -170142 -22818 12311 13819 113913 113725 -276675 -289325 22314 46238 9572 118327 9168 -180445 64778 49775 26055 -225432 53919 -23320 -1055 -89931 170468 37772 -71362 -57826 -81887 19738 -107510 -108467 14211 153806 144717 -91584 272310 -55300 142810 162283 -37722 -46002 -104901 -147772 240872 -7952 109453 -23136 113305 32854 182662 -182397 -42946 178567 -21128 -154866 116133 27783 62289 6480 -112528 49603 -43283 181542 71331 187810 -29823 6463 61784 -65398 -229328 75199 40801 8328 -1201 -23956 31922 166494 -31454 -30522 217958 -21724 -159657 102153 35233 99274 67676 12942 221791 -241726 -14977 -31464 79386 -16030 144724 -74990 114649 -45224 -13013 132113 -44455 49091 -34059 53097 -204488 18036 207242 -134575 -18259 34060 230822 95827 -89701 184545 -69214
-348690 -82130 -117103 576122 560853 -569768 -75187 -213510 -442402 194979 280459 174705 532139 -340856 173177 -861181 -158808 367203 -21195 113725 790026 -809787 -1424268 -39956 29223 -313109 947444 196363 -715489 214536 251328 221008 -736870 823403 -447897 68332 110699 670935 380543 -12687 -107333 -49398 68714 -715896 -909314 -59317 696542 826160 -284383 1167952 70451 700032 464057 -395625 -663530 -459500 -648100 804121 -38731 699502 -153985 511459 37139 617809 -912499 -84521 654312 342127 -706552 610290 255358 262987 -115117 -271043 760668 -143208 1059378 312173 558369 201785 193194 327354 -306678 -1099893 333176 43454 -182374 7869 -169945 221594 822872 -269814 94175 1258062 76571 -252400 226020 -32757 536979 -102136 86956 914428 -1256332 -8208 148448 719078 -131802 715304 -312866 645255 -417396 -333504 501313 -369488 192400 -90466 -2437 -650351 -32563 1059923 -454896 60449 188482 611224 427056 -619525 934326 -748445
477007 65952 173601 -733200 -732379 706403 83750 267832 484569 -312450 -242433 -361196 -669041 495608 -237015 1102269 188200 -405150 26007 -276675 -809787 1204684 1742215 -10198 -80006 256767 -1033900 -168412 937379 -273062 -268309 -255402 1030633 -824158 444479 -85359 129537 -922137 -362537 153785 226356 187500 -81144 816898 984102 32563 -937909 -1068606 436012 -1486081 -6528 -825703 -684022 426850 663242 620594 837990 -1125767 23142 -870770 104107 -659272 -83591 -873058 1202924 176919 -772961 -362097 864561 -726722 -279583 -387404 97901 421304 -760629 235478 -1250785 -399730 -757133 -124584 -173022 -336261 406483 1380290 -386526 -111969 163820 -8771 247947 -185054 -1059065 287239 -57712 -1533775 -51526 561548 -290275 -104332 -646254 28562 -84602 -1143736 1637120 40446 -87112 -746319 112592 -893899 468721 -820538 456969 312944 -718993 427269 -233848 116562 -59463 889157 -28902 -1311135 645819 -55247 -277946 -950846 -547083 676935 -1172277 784208
720630 219655 213391 -1150800 -1193477 1183183 166305 455759 924738 -381604 -576366 -589353 -1095590 802184 -235360 1847372 321809 -798552 95533 -289325 -1424268 1742215 2919929 -3988 -108944 510040 -1768596 -341477 1484172 -396847 -479774 -490440 1573966 -1551085 846008 -144892 -265 -1367652 -643850 102385 339574 149822 -147691 1381706 1761331 136829 -1508496 -1826243 653391 -2387627 -237048 -1344328 -965793 795135 1288857 930741 1372200 -1691767 26510 -1513642 152954 -1087424 -106327 -1338783 2040980 206822 -1167328 -807558 1393925 -1261264 -519841 -642024 216517 550800 -1427743 370780 -2149198 -698775 -1130450 -343915 -322725 -537749 647642 2281714 -628797 -130917 368662 14119 489129 -257406 -1763897 608485 -150880 -2622509 -204329 768877 -387550 -63929 -1077710 245595 -189420 -1756206 2729273 7409 -255630 -1340405 178648 -1466163 757252 -1367052 861214 594393 -1146362 761087 -373182 159129 30611 1334977 5695 -2182097 1002038 -184630 -421202 -1364424 -869681 1139742 -1926243 1405838
8638 -43773 -49968 -13641 -53064 15946 46074 23968 30323 -13876 42873 32246 -8398 -8270 23233 39325 -13291 -17763 11468 22314 -39956 -10198 -3988 113678 73641 125312 -112981 -43452 68297 -7259 14577 -1748 -26692 -106154 84348 -71426 -76843 -94631 -33849 31857 -40883 -31162 39768 51521 28250 -29856 -56565 -31534 27400 -12437 85257 -38302 -34725 40773 59638 112139 -3668 -59259 37484 -1688 76856 12008 43924 -24167 -6258 50510 20552 -16425 22802 17941 -28399 53777 34419 29789 -107408 21631 -23391 32309 40029 -34560 -29479 -23281 28045 -24978 59242 9636 6480 -89054 -30309 -98294 -28551 -140627 -57875 -9247 48353 -58964 68530 -43137 -4964 37328 42517 -88464 31960 6111 -91843 -67964 46634 2788 22495 -30958 2560 52709 61394 17656 -5463 13621 10567 12669 -11556 -55307 -25332 -18901 -85192 41459 -52078 94233 -73403 101887
2024 9622 -76763 37793 29057 -25148 36666 7616 -13869 27853 54854 29874 22655 -30120 62973 -56028 -15633 -12225 -20628 46238 29223 -80006 -108944 73641 106603 70965 -41348 11562 -48228 -1243 37190 25514 -93411 -44170 18717 -40399 -57153 -42732 -12435 -503 -43163 -18492 47416 -269 -5395 -18628 4637 18111 -11951 81664 39341 35237 46672 588 12888 48166 -40214 57098 -20906 29335 26530 59480 15319 66786 -66736 23544 63425 -13038 -38473 66292 4039 25721 5726 -16640 -39188 -34833 48936 46708 98842 -8251 -17838 8888 -2856 -66815 52184 26288 14556 -27015 -69835 -64741 42389 -75189 -66505 41946 17202 -88538 78635 -14171 19730 41761 35720 28104 -59974 -1688 -35226 17568 20226 20678 -8959 -11230 -25613 23310 58120 17178 9525 -27382 9105 -94955 -4660 30593 -53046 -16577 -50716 75627 4053 39116 21291 18542
132101 6419 -33835 -216051 -254565 215954 106637 103815 207769 -60232 -82825 -46752 -199555 123856 13957 364726 57103 -178139 30872 9572 -313109 256767 510040 125312 70965 263967 -459965 -121263 308942 -55205 -67210 -89530 219922 -432705 264033 -115304 -110261 -337535 -170515 22808 -1136 -43446 12127 316757 383505 2356 -313421 -362451 117354 -431507 19099 -270902 -171273 209168 329189 290526 228598 -314214 45621 -284626 97006 -180781 38173 -237704 356132 83077 -185647 -204739 288907 -214757 -125662 -60863 81975 98726 -399126 84335 -426694 -82640 -124582 -136516 -112281 -116747 152272 378691 -52699 -6875 98677 -93487 68418 -162283 -340936 -26866 -108729 -488280 11239 20857 33720 -36277 -184873 117996 16664 -405387 532316 7032 -154485 -343072 88230 -257439 157037 -273877 164478 190360 -131004 167321 -58922 41543 46430 213620 -14493 -445468 129616 -56447 -164860 -153540 -200799 310717 -419448 399836
-466192 -111397 -64458 725661 749611 -732537 -174477 -295067 -583524 239182 314940 279353 669113 -453496 130733 -1128157 -197769 519125 -46914 118327 947444 -1033900 -1768596 -112981 -41348 -459965 1270529 244066 -929670 263587 274509 287285 -900337 1106309 -613063 150833 123252 946472 473773 -51514 -131731 -65491 40261 -932103 -1159698 -54320 962230 1127097 -403768 1466070 55902 875900 605365 -524044 -860552 -677407 -821359 1048733 -40213 933596 -188082 639248 24412 796091 -1205658 -160726 728558 506203 -877863 734731 338680 339256 -171218 -356305 1025314 -206276 1344502 362521 630602 259217 253249 384762 -420196 -1382818 358911 49585 -246324 59285 -216732 295701 1083566 -251353 186192 1629026 85951 -327958 177051 42032 694070 -187151 69028 1167715 -1683105 -23588 245214 920475 -164219 917239 -453170 890147 -529064 -444753 635164 -497451 231785 -99458 -14608 -788989 -17681 1380225 -568837 110050 337160 764680 571298 -826654 1241027 -1002012
-66469 2221 -14646 135079 164441 -137698 -42298 -56967 -134747 43145 80672 41495 121559 -82931 16476 -240144 -35300 100678 -36107 9168 196363 -168412 -341477 -43452 11562 -121263 244066 82776 -205187 30365 59422 69554 -162180 234615 -151965 47732 53068 159626 90546 -9835 -18102 25155 14381 -179880 -218660 -12827 180688 216653 -74578 275657 12715 172666 118403 -122469 -189923 -136486 -147061 206631 -41581 175356 -50093 129948 -20215 166956 -235022 -33232 121784 116785 -174138 153397 79948 37992 -50810 -61205 220579 -68854 264785 70806 113475 79711 53889 71190 -84423 -238595 46991 13119 -49751 46997 -76893 58316 215414 -14684 31299 295202 6431 -48564 13377 13807 116327 -57438 10230 236948 -327472 -1258 87109 209796 -41430 148871 -92005 148651 -112524 -99346 92606 -85148 39564 -37758 -27352 -167051 955 269032 -94710 31776 70927 109065 118237 -160641 250460 -224392
369686 42434 102148 -603120 -675741 616614 102814 247931 482560 -238693 -240924 -312896 -559695 419604 -134029 993814 144356 -391957 76358 -180445 -715489 937379 1484172 68297 -48228 308942 -929670 -205187 852893 -208399 -233084 -257456 826663 -801017 471252 -124677 9258 -766133 -314299 123268 172058 83762 -52317 712113 852907 34334 -826639 -952339 386033 -1236119 -23135 -714650 -572211 415233 649041 558888 701342 -969303 62835 -759812 130022 -559476 -21035 -752830 1051788 160301 -567481 -386947 718197 -626839 -283020 -278881 133372 337943 -752622 243257 -1087686 -338601 -587494 -165795 -157999 -277674 352739 1128283 -260918 -82821 158732 -78583 255977 -169717 -932327 170155 -82111 -1309734 -49630 432085 -165164 -109987 -545777 113405 -63636 -971683 1422726 16678 -190818 -703555 111954 -725875 420719 -703815 428059 305330 -548021 371181 -196680 111117 1654 751298 -19185 -1148908 516315 -101043 -283507 -715542 -493613 617316 -1041383 750583
-116008 -13935 -47846 167929 154089 -167024 3484 -59895 -98755 79793 40366 50799 155656 -95080 89559 -227648 -34401 81440 15045 64778 214536 -273062 -396847 -7259 -1243 -55205 263587 30365 -208399 94675 68718 46613 -232401 195082 -96292 -256 10034 214654 103371 -26017 -36250 -60313 9616 -196617 -230359 -2423 204115 215260 -97835 333816 -23827 209586 161513 -79308 -146152 -128744 -191688 261392 1787 177180 -62315 134457 27125 181417 -234577 -30545 208373 36795 -186911 150391 60988 73166 -18321 -110226 187477 -22861 274934 83659 188471 14538 41040 108278 -78130 -317678 103994 11724 -26650 -9814 -1257 74950 222511 -66019 18334 344457 13143 -97406 103884 -1709 169484 16522 24387 267520 -325161 -8990 16252 167941 -37402 215161 -76671 189940 -100726 -71642 151040 -97143 67913 -20299 39815 -204848 -17761 295726 -145369 -203 52334 219358 126420 -179810 257055 -173912
-108447 -38410 -52696 189593 182306 -191951 -4786 -68503 -145015 61899 107553 76920 173811 -117412 60293 -280926 -49903 116071 -9787 49775 251328 -268309 -479774 14577 37190 -67210 274509 59422 -233084 68718 96612 82339 -254336 246871 -128860 9467 18711 188706 111184 -822 -51594 -21560 31345 -214384 -288378 -28867 220909 271853 -96393 386812 51231 222060 147099 -125802 -212351 -119703 -219677 259526 -5346 232653 -33802 175132 24864 208717 -317206 -13981 215645 114351 -227796 214010 82870 97105 -34127 -81895 223997 -47581 348904 118980 201407 56160 50315 98483 -93086 -367758 117792 20762 -60632 -15842 -73733 41421 271991 -127006 12205 415314 42046 -110597 88857 -19610 176866 -32096 44132 277531 -409418 6192 35546 221390 -27305 231322 -102300 206557 -143054 -91576 177695 -115425 65676 -30207 656 -220048 -12971 343553 -160482 26430 41638 213071 131194 -179809 294993 -217062
-104331 -55970 -12229 179122 218057 -206416 -41934 -84974 -187217 40770 127692 139535 174424 -145834 -11824 -332935 -51054 167360 -46086 26055 221008 -255402 -490440 -1748 25514 -89530 287285 69554 -257456 46613 82339 110372 -244337 282877 -164138 38707 11093 199369 91640 -7781 -67159 175 22095 -220861 -295493 -36265 266826 342183 -120437 383030 86873 212032 144801 -152430 -244627 -145398 -229464 273189 -6570 281177 -7568 188289 8163 226897 -384485 -29546 131362 195180 -212643 220942 104013 109631 -55393 -68886 261986 -83235 370517 126524 160227 74170 45996 64284 -109151 -371016 79693 21440 -76309 5850 -127313 3642 315752 -110880 32919 453254 60847 -141022 21483 23647 181831 -90958 38727 254549 -490410 11237 79528 234816 -12176 233031 -147393 241127 -167534 -100265 189000 -132953 56811 -23418 -31238 -208658 -1474 373180 -163718 64960 82120 198867 145081 -180107 330864 -245796
404205 78069 161897 -637175 -648594 633382 58723 237648 456846 -254496 -262870 -327436 -598031 443752 -194222 994261 169023 -378011 37745 -225432 -736870 1030633 1573966 -26692 -93411 219922 -900337 -162180 826663 -232401 -254336 -244337 911904 -743081 405162 -58845 85005 -764681 -320178 107815 207846 136763 -88984 722491 888311 51968 -817580 -957418 372555 -1313269 -64703 -731490 -579350 390325 618102 508915 749960 -975149 20920 -785098 80928 -594631 -72857 -765174 1085779 131285 -673193 -352954 759935 -670470 -260108 -348365 91447 346618 -687955 212365 -1128363 -379878 -672434 -132200 -151066 -292657 350935 1234246 -350816 -93939 156399 8328 252424 -132120 -947401 303602 -38797 -1378107 -75289 493656 -264498 -65222 -573343 52589 -97036 -981920 1455536 20273 -86573 -672976 93214 -791170 411186 -716541 431553 279999 -641599 382868 -208110 100612 -27613 783198 -13037 -1166259 572437 -65187 -219645 -819971 -477003 585310 -1032280 697414
-383625 -137728 -14487 612647 664251 -646889 -174520 -269323 -557597 159520 328425 277417 579688 -405708 26648 -1009134 -173334 503296 -69615 53919 823403 -824158 -1551085 -106154 -44170 -432705 1106309 234615 -801017 195082 246871 282877 -743081 1025072 -573052 157084 146147 784692 407695 -14122 -117842 1642 33856 -808700 -1045301 -73869 845654 1033570 -344303 1258077 133673 737727 471979 -500324 -820693 -580044 -716531 864687 -27577 854320 -133679 562467 9503 677479 -1105718 -126971 564633 545413 -758088 666132 318391 307677 -171161 -258052 940645 -193179 1203968 335012 495363 271132 227468 301802 -369751 -1202018 285238 36092 -257052 55053 -245478 223702 967905 -253678 184414 1457252 113035 -265536 85153 30305 594518 -252576 69923 968459 -1511110 4060 258971 828759 -130317 788322 -418609 789931 -496963 -407860 547355 -456037 191245 -76668 -69915 -638213 -11768 1219333 -478551 147221 303179 602895 491441 -717022 1092172 -906342
198101 49635 3663 -328743 -389979 354290 111175 151054 324367 -92110 -181938 -155653 -314040 226506 -4236 584596 90851 -281483 64801 -23320 -447897 444479 846008 84348 18717 264033 -613063 -151965 471252 -96292 -128860 -164138 405162 -573052 344114 -103163 -90601 -432962 -216146 22641 62946 -19742 -17846 449004 556977 35115 -477812 -577306 198650 -682152 -56755 -410787 -278086 284894 456417 337791 386990 -499927 43452 -468512 86298 -313677 19242 -391965 612367 83994 -277284 -310455 409586 -362471 -187437 -146108 108582 149752 -535859 137837 -656616 -179795 -261934 -163492 -124650 -160571 209529 636378 -129047 -22052 132686 -67326 159803 -121735 -544274 87501 -101133 -784982 -47774 151400 -24464 -44071 -317684 150289 -28387 -544622 845197 2083 -177985 -471781 79455 -414273 242879 -424963 277804 230989 -281339 242046 -100739 54260 51790 369946 696 -676280 256059 -87718 -187971 -313836 -285120 396706 -618000 521154
-43620 5960 44015 73109 109685 -71960 -64363 -45530 -76584 19236 6322 46752 58260 -51994 -47311 -135805 -12345 67593 -25170 -1055 68332 -85359 -144892 -71426 -40399 -115304 150833 47732 -124677 -256 9467 38707 -58845 157084 -103163 83300 13728 143433 38973 -37149 -3551 22664 -22440 -93806 -111971 10476 134063 151476 -61828 138081 -21953 71838 63786 -88302 -118416 -143871 -70634 119677 -21029 105628 -23373 58084 -24504 99057 -147060 -56710 13121 103392 -97873 63694 48244 16623 -40097 -34871 138459 -53010 139302 17669 10124 47579 35560 11957 -67437 -102041 -26069 12456 -41968 67353 -44815 55733 130272 60170 54590 157246 -18665 -26029 -73379 58041 45211 -68758 -25551 142210 -211880 -1456 80679 114703 -25391 68382 -86123 106060 -48920 -65799 31328 -58548 11326 -18457 -28374 -63113 31043 159467 -37045 42405 99202 42049 78958 -108850 162639 -145894
25399 -8020 34968 -15859 -7685 -6374 -12520 -6158 -46002 -36988 42632 -95780 -7910 51247 -15231 16257 5967 36861 -3352 -89931 110699 129537 -265 -76843 -57153 -110261 123252 53068 9258 10034 18711 11093 85005 146147 -90601 13728 197475 -29153 74726 72897 71081 76527 -16739 -55256 -82286 -12821 -27393 -25173 35740 -35638 13413 41227 -50421 -38522 -104920 4975 25549 -53847 -24804 -10066 -89834 -28554 -35867 -64406 59696 30055 4094 27135 7980 -2364 31505 -63156 -39234 35931 146561 34864 29543 -22903 -53645 75201 42204 54260 15691 28324 -6838 -44091 -29776 26831 48927 84611 -21828 23601 55804 7308 16308 170104 -20382 -72915 23362 -65361 2752 7541 58619 16731 93122 98706 -43534 -6550 50246 -667 -36352 -70183 -85379 -20883 9349 3328 -29399 46895 -50129 11475 58359 17838 414 -130916 6185 -87282 6467 -108234
-398683 -49392 -55941 589005 610190 -571943 -134767 -238446 -414624 234869 158296 263841 539975 -386147 119327 -897043 -146698 364306 -17957 170468 670935 -922137 -1367652 -94631 -42732 -337535 946472 159626 -766133 214654 188706 199369 -764681 784692 -432962 143433 -29153 836405 329555 -131206 -135132 -109953 17670 -705977 -844088 -5813 799304 900176 -357043 1181881 -42093 670428 534130 -388943 -605575 -605950 -661751 899723 -22324 716529 -126402 504279 33559 682729 -961881 -185562 579677 348959 -710873 556201 245229 284940 -106668 -335710 720720 -185376 1027095 282289 523584 143721 179401 274840 -354953 -1088003 255231 70731 -164695 70173 -160840 241299 867540 -129167 130577 1257927 11810 -361223 131835 113347 517927 -92192 22786 968481 -1351015 -34910 146820 654349 -127600 724547 -400011 705765 -368611 -312571 528858 -380954 181528 -85081 20661 -660682 38648 1094947 -479178 72390 309060 698005 471445 -632217 995820 -731418
-168567 -39716 -41235 269673 246843 -257634 -49074 -97302 -196880 88216 120284 52316 242759 -142933 80718 -378605 -76758 170244 3087 37772 380543 -362537 -643850 -33849 -12435 -170515 473773 90546 -314299 103371 111184 91640 -320178 407695 -216146 38973 74726 329555 197521 4588 -29405 -20052 22410 -346384 -441684 -22298 316378 370470 -121143 535193 17136 327734 205501 -185804 -315975 -227029 -290431 353857 -14878 318970 -85468 225598 14672 266015 -399055 -40480 317802 154434 -333351 270614 114473 115600 -55018 -123263 373383 -48683 489956 126410 242362 101851 104537 164766 -143610 -505732 158763 11861 -91896 5811 -50194 135521 368203 -113897 64472 581321 28248 -73561 97737 -26636 252131 -49675 30868 436136 -568269 -8808 72208 347189 -71889 336151 -133231 305284 -187136 -170779 219763 -178106 87308 -38582 2281 -280226 -19327 487257 -196859 19989 94143 264927 196050 -309230 431012 -368723
45927 -46638 14230 -62396 -89078 51261 9054 27019 16220 -63430 49376 -51442 -51103 51839 -32561 102574 -2566 2820 6671 -71362 -12687 153785 102385 31857 -503 22808 -51514 -9835 123268 -26017 -822 -7781 107815 -14122 22641 -37149 72897 -131206 4588 86570 31264 44433 10660 42464 7996 -30752 -106743 -84811 72168 -118000 84808 -59136 -110817 19270 3323 108830 63979 -160196 20230 -41469 21103 -46708 2491 -117643 89808 63263 -40245 14186 67024 -29728 -16518 -11199 3176 81823 -17795 51687 -60880 -18725 -71798 27007 2967 -11203 46375 74659 14142 -29339 -18229 -49893 14939 -30433 -91679 -76233 4697 -75655 46650 107597 -5504 -80543 -28053 -31637 22273 -131464 131611 15970 -10568 -22323 15686 -48908 65495 -57668 3072 1497 -45261 13619 -18957 25129 -26320 112612 -34947 -106018 61483 173 -67648 -118846 -69329 49926 -112159 36301
80064 40742 32062 -121483 -143909 139512 5959 53576 106588 -40411 -72224 -134564 -126970 121407 -6355 230587 34486 -95906 24341 -57826 -107333 226356 339574 -40883 -43163 -1136 -131731 -18102 172058 -36250 -51594 -67159 207846 -117842 62946 -3551 71081 -135132 -29405 31264 79975 36241 -26464 123701 162791 23898 -184885 -236627 92371 -271137 -61728 -127116 -114471 78264 116945 82046 171691 -204837 -13707 -189336 -32487 -137661 -27466 -174533 278878 24217 -93065 -109643 140115 -151946 -55407 -105050 13624 61648 -107610 61997 -234504 -105010 -141012 -11744 -8936 -24306 72440 270956 -65768 -29009 35317 21834 98601 39660 -218959 104353 9624 -306420 -42620 171537 -42924 -35841 -116326 26928 -34052 -157575 342479 -4522 -2894 -104409 -10384 -165740 112588 -158678 100378 31773 -170422 81608 -39355 11623 6258 161259 -12418 -244855 140125 -34643 -40942 -196765 -92268 79678 -212168 104855
68533 -7237 49041 -82953 -52767 63769 -23987 16342 -5150 -67232 27411 -38328 -63168 45885 -87767 69402 11812 4461 -27947 -81887 -49398 187500 149822 -31162 -18492 -43446 -65491 25155 83762 -60313 -21560 175 136763 1642 -19742 22664 76527 -109953 -20052 44433 36241 89898 -4557 56297 47801 -15631 -85550 -64326 58894 -150967 52317 -82285 -105872 -9786 -14834 47316 84685 -142086 -15014 -52845 13353 -54631 -37049 -94268 83101 21940 -117993 52548 72287 -43563 -109 -46281 -16882 81163 -1504 1519 -80015 -29798 -121362 51550 5258 -45652 28198 138879 -62004 -19670 -20241 25866 -25680 -17769 -77495 29992 19507 -117954 9423 103480 -88701 -18563 -75295 -74772 -8795 -116275 114602 18258 50618 -14455 823 -96645 28654 -76882 10047 -10861 -91658 21359 -33602 8673 -64364 115362 563 -101894 87202 29532 -11819 -164997 -46898 46855 -87436 6040
-21879 -11336 -43083 49345 38970 -45156 12127 -8307 -36895 15583 53464 20637 50504 -37835 33575 -80812 -23411 24114 -6623 19738 68714 -81144 -147691 39768 47416 12127 40261 14381 -52317 9616 31345 22095 -88984 33856 -17846 -22440 -16739 17670 22410 10660 -26464 -4557 33386 -52397 -73376 -19196 39420 62570 -10298 112647 39979 56875 36363 -26848 -42118 292 -62373 60921 -4971 62781 13665 61547 11460 58919 -88372 11776 76267 25066 -66541 75254 16250 39440 1369 -14308 30523 -19015 96898 47718 76200 17205 8901 23749 -20640 -112599 55365 10984 -10695 -24639 -45523 -19615 70595 -72672 -24922 110377 18490 -49283 53999 -20010 39877 8603 25435 64009 -111296 47 -18217 52797 -812 62867 -21916 33469 -41203 -15547 67849 -22719 14222 -11887 -5289 -73102 -4292 80355 -52661 -5763 -20875 70626 23289 -16864 64410 -39872
355832 88219 74713 -555145 -573481 562151 118025 221340 447279 -184947 -257056 -233037 -524595 364851 -109563 882655 157831 -393047 40111 -107510 -715896 816898 1381706 51521 -269 316757 -932103 -179880 712113 -196617 -214384 -220861 722491 -808700 449004 -93806 -55256 -705977 -346384 42464 123701 56297 -52397 707149 878566 51070 -733253 -870124 304813 -1139618 -66671 -665405 -468175 394803 642478 496249 643572 -810344 27269 -721921 114414 -507393 -27278 -625210 943871 116140 -568322 -386899 679231 -581901 -255106 -281920 117352 272228 -749373 169152 -1035848 -301696 -508876 -192281 -184346 -284635 321474 1082805 -292043 -46302 182290 -25568 195047 -189862 -839440 228578 -113527 -1258875 -72234 295456 -160958 -32036 -524496 127837 -65199 -886233 1307665 17865 -156684 -686115 117049 -709094 354312 -669658 408156 325474 -517889 377016 -176463 76615 16505 623398 6888 -1057502 454974 -78111 -236130 -617120 -432405 600542 -946124 740255
