115630 -33891 -60017 -56870 -36480 -3806 -68984 74606 -1089 48811 29485 -109458 -33379 -26171 22805 -130269 9630 -21799 6310 5865 53152 -90956 -141839 35650 96619 16191 -64583 41012 -57966 112843 -2742 -38724 4222 -40036 55930 78601 -190389 -68576 64270 136555 75096 83084 73715 -34637 -201447 87481 -102101 -23465 58708 -144476 -19999 -71484 -110797 11096 24994 54683 43822 -53516 31255 -132166 77049 18214 -103313 12698 5027 139018 -45972 97483 18027 -37214 -119463 -10520 -106701 79859 -8586 47425 40138 -33350 33583 -63226 -56892 -81770 -126376 27413 47380 55921 -47465 158570 26010 89953 13827 40966 46825 25788 -81920 63368 122919 -129422 -69813 -66175 32076 40304 17613 58242 55284 -14387 -93428 -57414 24091 147236 20342 -61323 -31302 -145157 -13684 59206 19426 126509 93384 -20266 45596 -44961 -88256 54770 65956 117066 -29493 32420
-33891 207592 143883 45329 -121703 -15271 -158917 -132380 -25065 -46085 -92888 137810 -342989 45749 96893 -131677 -270927 74030 -176139 -210236 214103 268386 -147658 -120748 -126301 256714 -124463 -46269 -99022 159731 -302550 172352 67102 145895 -76404 107718 -5996 -264853 64667 44348 -301154 163931 19478 -194305 -228515 -91611 -44759 -27890 -244158 -7454 -23135 237404 -272139 -120552 -123228 149709 8307 -33519 261827 181736 -73509 155591 -165218 34187 -41294 -254797 50398 142334 -411843 198924 -156669 330341 45098 -81087 -11152 213607 -93922 -22981 -105107 214783 -369795 68853 390838 -67306 -63255 -194100 -195995 -71960 45003 -152600 43238 438482 -54026 403030 18645 61041 -51698 100010 -216111 289203 72691 359325 17721 -250834 86988 58134 215721 205230 -7233 -54490 78145 173130 194216 256943 78779 79183 -58141 230906 -150334 8462 -52869 166378 135349 249971 -138869 61907 -195657 -334419
-60017 143883 123816 57928 -59218 -15455 -76133 -108175 -1210 -56000 -83171 150940 -200070 42077 43590 -45220 -175595 63819 -109996 -144644 123088 202102 -19058 -86385 -135479 159588 -45542 -42143 -22466 54527 -187011 135196 35213 114165 -91057 35492 85212 -163875 22758 -40400 -231318 58277 -17360 -117987 -40517 -95602 18870 -7774 -188104 63412 -13854 168992 -119623 -81881 -92118 67214 -18210 8422 140341 184141 -94381 87850 -60403 19995 -36014 -229363 64555 29091 -270865 138530 -43371 216118 78718 -80756 -3623 120349 -83370 36827 -75699 148635 -195629 93893 313324 -63691 -67022 -137344 -94524 -129900 5164 -134771 16372 263850 -59298 229780 26303 9180 -80455 113590 -114503 215421 17442 203336 -10640 -189593 42609 41615 199857 181505 -31024 -102559 35427 135022 152594 225387 52678 17371 -48158 91814 -141756 18059 -69063 134054 121131 121845 -109657 -43649 -112436 -233041
-56870 45329 57928 85574 -12502 3644 22897 -18963 27425 -86770 -64172 143205 -27980 36779 -47705 32447 -8595 75172 14297 -64842 22995 92102 90914 2103 -151862 7232 31326 -32495 102023 -47021 9850 53843 30947 95327 -107039 -42584 181548 -55386 7812 -121103 -129606 -85915 -29407 -45123 163412 -73178 46459 26950 -48967 99284 13704 93265 55744 -14961 -10457 -31391 -34341 85342 -58935 133502 -70392 -10313 59084 14178 11271 -134820 33365 -107572 -51758 68619 159252 96909 89195 -51570 20675 -13217 -72265 99877 -19158 -7780 22921 74157 176145 3317 -50680 -47831 34229 -163875 -76693 -69576 1840 38490 -14309 6687 8333 -37593 -135921 110304 4453 65319 -103582 12210 -49058 -79988 13749 15338 132771 131627 -43100 -145767 -23784 43027 87963 169979 -947 -42481 2814 -70942 -75175 52616 -73125 62779 109040 -55604 810 -158478 -24733 -91406
-36480 -121703 -59218 -12502 123160 -505 136953 32576 22974 18609 45978 -34526 250244 -11678 -61950 153981 162020 -51785 106766 138672 -171515 -137859 188995 47032 55794 -171878 114745 16292 79873 -168656 189867 -90816 -65223 -93667 23936 -117253 87519 212797 -81115 -103813 163747 -139790 -59960 161214 256960 12091 93359 29854 116227 93463 17751 -143223 244014 80870 58366 -133005 -40681 33425 -171330 -41110 -8817 -111851 165020 -34535 6656 94151 16022 -148678 251492 -125959 136463 -239134 30560 12884 9479 -159006 42531 50573 49801 -92283 277041 7990 -195507 1472 3535 108885 153476 -31569 -28057 50349 -38017 -309490 -8273 -292988 36624 -74900 2321 -6369 177884 -147409 -49783 -266126 -20393 131796 -88227 -36744 -92025 -101089 -15454 -28304 -60255 -73281 -112243 -108733 -37721 -84629 11420 -218070 38681 -7035 5816 -79683 -56516 -192812 35122 -100013 149639 205329
-3806 -15271 -15455 3644 -505 12045 16104 14272 -1882 -869 8021 -2979 22377 -845 -12665 20989 25617 2040 20642 12940 -16998 -13228 6983 13420 -5475 -26962 7957 -777 20261 -15376 32716 -15303 6419 -2079 1004 -11379 16825 21944 -3795 -9226 18302 -23508 -4234 10292 22655 4792 1145 3595 26681 -98 6508 -59 21693 7485 15174 -12365 2304 11252 -28449 -14756 11183 -16210 19009 -1510 11706 14938 -15688 -11358 33254 -6782 34854 -12792 -875 1533 1581 -23554 2119 -8316 7553 -25101 28403 -6589 -22224 18049 9143 4688 15103 -1846 -10168 11871 -1825 -37481 12367 -19471 4155 -5722 -14695 749 23287 -28430 -14820 -27814 326 17391 -8048 -3405 -15792 -18723 1861 -7608 -8299 -13655 -12335 -5815 -7405 -8566 13504 -22168 14004 9566 7788 -17147 1146 -22253 21109 -4251 12496 21793
-68984 -158917 -76133 22897 136953 16104 216627 66627 27999 -20773 54543 -27190 348459 -21250 -124132 231488 258777 -37433 163824 189187 -244932 -164011 264466 91954 17010 -255524 180998 4038 155997 -246478 296069 -122679 -58571 -83583 14065 -171902 191403 304555 -110467 -166722 206070 -239109 -75704 200112 410749 5848 124286 52380 181993 137030 47924 -150126 358116 101139 99966 -189167 -46106 96261 -293723 -45922 6498 -161469 247875 -37342 48548 112544 -13115 -232804 379965 -144643 278826 -282180 55501 6204 27997 -246793 47364 60372 70265 -157984 399041 1791 -247076 55019 17571 131820 233912 -85811 -84555 61998 -48160 -443809 20079 -408915 44780 -115523 -88367 34266 259526 -211856 -120891 -367074 -41755 182994 -123808 -39010 -113700 -128029 -11006 -92702 -94123 -117120 -151296 -92463 -69590 -125477 46277 -337207 62794 15967 1092 -112688 -33777 -292703 86608 -183645 206808 280928
74606 -132380 -108175 -18963 32576 14272 66627 141978 26710 8376 45637 -95610 180213 -34175 -81011 3888 182043 -13713 127823 103975 -85971 -187116 28381 115021 56857 -151324 51371 38711 83181 -44379 200649 -114060 -13124 -61079 33252 -28783 -30950 90770 9577 8540 176836 -96378 36419 67864 84215 85686 -25089 16134 182467 -57633 10021 -144772 119768 76230 97976 -67922 18445 38629 -188214 -150137 76530 -90895 57962 -2026 44785 199352 -63816 -72802 259547 -109292 115234 -154593 -64182 82709 12131 -112914 52962 32003 84301 -196441 208630 -75240 -248829 84405 55683 139512 110543 78162 -57449 128081 -17051 -232413 71334 -233794 -73616 -11162 35042 -96490 90084 -202638 -85409 -189039 -25571 165566 -6360 -33079 -139246 -108921 4385 58109 -47308 -138981 -103648 -176533 -63806 -27088 62172 -95323 132550 13566 30185 -111478 -90386 -151094 151239 -40514 85469 192124
-1089 -25065 -1210 27425 22974 -1882 27999 26710 34474 -26454 -21265 52335 52954 12697 -41496 14949 43880 24316 47506 969 -14909 -25735 75960 27525 -50638 -41112 34584 5306 76956 -43999 64950 -2836 -6574 12955 -51411 -35669 75594 -7809 5183 -68011 -5120 -74833 -13988 7165 119519 -10480 28351 15567 18515 45142 -1980 -23085 74519 20412 15735 -45135 -21743 44269 -81727 30496 -33646 -38550 53188 3092 -475 -12068 20827 -87288 47416 -14971 95612 -23285 30880 2412 8193 -37053 -21828 88590 19427 -62825 93215 34053 10782 129 -18804 30528 56953 -64142 -49057 5261 -12660 -59745 -3268 -84311 -22025 -26120 -26631 13694 31739 -26544 -71031 -71037 -37402 7214 6044 -8313 36817 43134 -38018 -47830 -29015 -14910 20000 14653 -15199 -39104 8659 -66650 -9030 26213 -36033 1930 11780 -83415 36287 -105981 21048 14599
48811 -46085 -56000 -86770 18609 -869 -20773 8376 -26454 95065 65198 -131075 30960 -32263 52756 -17567 3875 -79536 -13825 65546 -27311 -89350 -77639 -10544 149048 -9968 -29882 31675 -98471 37563 -8994 -50352 -35691 -100174 101873 34473 -171311 59052 -13167 110503 128412 80496 15312 51427 -151626 67522 -35858 -28066 41707 -86526 -15319 -90712 -48125 12607 5302 24874 28324 -88850 64209 -124682 59347 6197 -47830 -17315 -18039 120464 -25157 101690 44072 -71514 -160697 -103562 -80016 45654 -23790 10698 68124 -96493 16693 14375 -17077 -59264 -168339 -15618 46759 41967 -32427 151180 79898 65045 -4960 -44884 6186 -2875 2455 31881 138054 -106280 4309 -62934 108801 -21952 50814 73588 -20423 -18339 -124034 -129077 35974 139357 21240 -34828 -82281 -165316 4070 33825 -6785 65396 64539 -51224 72730 -60417 -106382 52616 -10438 154780 30867 88566
29485 -92888 -83171 -64172 45978 8021 54543 45637 -21265 65198 81038 -146353 137484 -42363 -2373 49669 106440 -77078 46590 125101 -104050 -134455 -6741 36108 143285 -97885 29902 27099 -38658 -33792 99817 -95334 -36970 -106810 107036 -18262 -99638 158484 -39227 62147 188910 -3835 6081 102964 -16302 70993 -13699 -4182 119066 -53290 13442 -122728 65326 46063 51393 -32552 19909 -38275 -52842 -146133 81509 -44472 28501 -23473 21786 167531 -49720 23057 183387 -104747 -37226 -171052 -66850 50998 -3206 -76352 81624 -85591 41091 -53727 105457 -80122 -249908 32734 59881 83199 45566 124525 33226 88500 -10902 -184051 33468 -136840 8384 -2620 75444 -83553 82581 -139304 43983 -127910 32550 139495 -54042 -27070 -171067 -169956 46592 100358 -10506 -87643 -136243 -177877 -28539 1806 22970 -48380 101116 -39278 73854 -100652 -100531 -46346 40043 90331 91229 179428
-109458 137810 150940 143205 -34526 -2979 -27190 -95610 52335 -131075 -146353 328297 -157632 92784 -31092 20700 -140173 141670 -36232 -196027 118082 235629 140458 -60012 -305269 104377 6395 -60911 148878 -43984 -99719 164086 51585 187069 -233096 -45041 311109 -209707 29775 -219061 -330154 -94722 -73131 -128655 213701 -164118 99070 27454 -198069 194557 -13459 216996 13420 -64777 -81553 -15687 -72612 109958 15117 314556 -190990 23838 59321 28629 -40186 -345301 113761 -148978 -264279 166567 185394 246523 183508 -123848 11802 62934 -164778 205357 -68358 69692 -65114 200501 458764 -71898 -127970 -146752 -6622 -326453 -93554 -176421 -2079 210791 -78857 150662 26731 -50184 -194821 204791 -54431 221248 -127877 115304 -79561 -243822 51423 35298 337489 316091 -115967 -266345 -18966 161601 242356 359984 42447 -68051 -40392 -37323 -213343 94330 -155362 175327 211672 -16039 -73705 -264030 -104442 -281777
-33379 -342989 -200070 -27980 250244 22377 348459 180213 52954 30960 137484 -157632 658042 -68466 -202862 337177 490423 -112711 311258 382447 -434421 -410806 394967 194741 141412 -474098 292996 49019 230684 -384786 550778 -273968 -129657 -224145 88550 -259558 176618 536971 -172322 -196197 482257 -373937 -88904 375340 599158 91015 167172 72105 388252 138092 60390 -378431 591653 204695 200177 -317541 -50545 115929 -514208 -214267 64830 -293172 384248 -70779 73408 341515 -49486 -350466 741592 -328610 386132 -587149 10146 83769 31658 -426839 137890 81738 165467 -336390 727523 -55740 -603105 100892 75727 316259 404210 -9675 -115058 197673 -92154 -830949 56740 -769190 19990 -168524 -19008 -67967 444128 -461346 -167761 -686650 -57997 408341 -202764 -88541 -304467 -312058 -7562 -30375 -160198 -270177 -324007 -342024 -137375 -194148 90184 -532312 193037 -2156 48596 -259094 -171917 -507523 199244 -236233 384654 582651
-26171 45749 42077 36779 -11678 -845 -21250 -34175 12697 -32263 -42363 92784 -68466 35355 3513 -4841 -54842 40248 -15144 -69091 49168 75621 23797 -25468 -77120 41263 -15893 -14289 29966 3909 -41798 49598 19268 53251 -65149 -7231 71183 -75786 19151 -52647 -104943 -9162 -20163 -43581 32528 -46329 15699 6851 -61977 48282 -5102 68929 -16519 -16195 -25700 4006 -23773 21310 25185 93029 -53286 12793 4017 8937 -13036 -98421 36075 -27678 -100220 53422 38503 80832 48652 -34773 3993 31029 -52409 56199 -25156 25847 -46253 52769 142143 -25880 -42135 -51146 -19765 -82439 -17494 -50982 7157 87470 -23259 67748 12756 -4305 -43774 54721 -30290 70074 -32077 53705 -16878 -80360 24242 7157 94541 93968 -30864 -64738 650 54147 75161 108337 18383 -9097 -15462 9817 -61724 26335 -42000 54503 64171 13095 -25714 -52429 -44567 -99105
22805 96893 43590 -47705 -61950 -12665 -124132 -81011 -41496 52756 -2373 -31092 -202862 3513 113400 -105262 -174756 -22742 -129058 -81328 118542 98595 -170588 -89852 57323 161423 -112970 -1871 -158919 143117 -208747 66352 13396 6887 44175 101843 -163163 -121099 33731 131551 -85420 186351 28524 -81405 -291930 204 -66547 -41443 -121098 -83953 -26155 75833 -224844 -64569 -74491 121854 28767 -103081 233150 8191 8154 109776 -154261 7495 -40396 -55211 11297 186861 -233832 67929 -247279 125757 -43292 -11309 -25326 151551 -1291 -102662 -55954 156037 -266476 -13950 105615 -56911 -2597 -90489 -161430 93143 102611 -41882 28955 255084 -28060 263444 17427 71410 90023 -28258 -142337 134458 143625 223393 58877 -99204 41469 20703 24738 18715 32082 92468 72278 82473 51444 23114 55943 87310 -45230 212687 -38781 -42198 31013 56254 -3493 215045 -101966 186591 -104677 -143079
-130269 -131677 -45220 32447 153981 20989 231488 3888 14949 -17567 49669 20700 337177 -4841 -105262 300413 219550 -43780 139196 179533 -262059 -105074 312411 49044 -7887 -244241 190708 -17433 151400 -288688 262247 -97481 -63472 -78345 1079 -200863 254084 335002 -146094 -213793 165604 -245723 -122366 220127 457409 -38992 173260 54191 132088 200433 51370 -103442 380482 85803 71603 -200903 -66828 91902 -255618 16469 -33906 -157229 283148 -49361 31720 32451 14661 -244571 328144 -122720 282911 -274317 103594 -40377 22158 -249257 30396 46001 41292 -89166 384694 47509 -174844 19099 -5009 83354 226992 -145615 -65924 10611 -53234 -434376 -15386 -370894 106751 -137705 -120357 90042 284728 -161858 -94217 -361664 -30772 138601 -157404 -33951 -71201 -111981 -18305 -145065 -92818 -65598 -132610 -26479 -48549 -145415 23495 -365900 5401 15560 -5949 -86158 4177 -279906 22783 -191745 213321 248307
9630 -270927 -175595 -8595 162020 25617 258777 182043 43880 3875 106440 -140173 490423 -54842 -174756 219550 413720 -66899 265070 289098 -314517 -331326 259718 184551 105859 -377515 209528 42588 194448 -259275 458390 -227417 -72656 -150554 68187 -184974 115670 387245 -94953 -122332 377061 -291238 -37116 258833 432791 92489 77777 62013 343280 62928 61447 -283987 433741 165278 183507 -234643 -26870 109570 -430598 -199931 89002 -228820 276705 -41712 92419 305011 -72519 -266517 597217 -245318 333994 -420770 -17437 90492 40675 -333192 102761 62714 140914 -314757 548180 -81958 -490607 124332 75029 255293 309324 18460 -120676 183167 -52644 -628562 85537 -592381 -17447 -113148 -34824 -66743 320027 -390763 -174640 -512673 -52306 334616 -128344 -71907 -262277 -241319 9607 -6308 -126497 -245171 -252702 -267447 -125801 -131762 99332 -391317 191418 12352 44573 -214709 -122701 -397717 210930 -176499 280811 450608
-21799 74030 63819 75172 -51785 2040 -37433 -13713 24316 -79536 -77078 141670 -112711 40248 -22742 -43780 -66899 89569 -16005 -115115 92169 113938 9854 -7858 -155408 66066 -20310 -26052 70619 24215 -54062 76150 49538 113933 -111838 9480 118640 -146590 46339 -70726 -172013 -27470 1699 -101085 45042 -61456 4796 11988 -79112 45833 -4772 118708 -40974 -33505 -26671 19190 -15580 61321 4075 126715 -62869 25220 -12193 26958 -1109 -139595 27401 -44290 -135613 99210 92327 165029 60813 -41569 10997 49843 -81160 90816 -27106 6305 -69456 63632 222470 -504 -49475 -68434 -23321 -125232 -57683 -68687 11894 145678 -10200 102355 -20650 -829 -98640 81921 -64318 101329 -80392 99545 -40968 -115335 56488 23201 152394 158498 -44138 -109206 -1071 61377 123916 171881 13780 -7527 -2332 23533 -75535 54050 -71536 81174 103627 12672 929 -108359 -82667 -154666
6310 -176139 -109996 14297 106766 20642 163824 127823 47506 -13825 46590 -36232 311258 -15144 -129058 139196 265070 -16005 194333 157035 -185356 -207783 197030 127314 18804 -250814 134095 28456 174294 -178954 313834 -136591 -37633 -75129 -3346 -131979 122638 207994 -45015 -122171 207061 -222503 -33125 151779 325512 45515 61718 47211 216664 64655 31574 -170503 298155 114075 121034 -166873 -31350 93676 -303711 -95024 28530 -164001 198405 -21978 52226 168351 -31161 -212611 368766 -147365 270830 -253043 10919 51959 27456 -218222 37614 98399 94811 -234900 376951 -23228 -266053 74640 28625 162988 212914 -33128 -102637 112180 -37272 -399438 49617 -388163 -21476 -79727 -36005 -31108 208895 -249922 -155495 -343841 -53974 193506 -65311 -50489 -125271 -108400 -25211 -38920 -94141 -147702 -125632 -140136 -80469 -103105 65804 -266950 104959 34425 2417 -125115 -58686 -287487 154027 -167424 167990 261936
5865 -210236 -144644 -64842 138672 12940 189187 103975 969 65546 125101 -196027 382447 -69091 -81328 179533 289098 -115115 157035 269633 -269023 -274035 151881 105707 182938 -269414 148308 40153 49140 -183366 300537 -189853 -85932 -179697 135500 -118823 -15955 363625 -109724 -20348 357605 -149282 -27558 239152 226338 95086 54643 25764 252914 10374 41744 -254831 291950 117351 121875 -151696 -1260 14912 -249022 -211923 98326 -149143 176344 -49406 52430 276960 -63568 -115644 456601 -218684 116056 -380239 -51944 76482 12436 -237523 128931 -52005 98839 -166824 376574 -95624 -459062 70632 83965 198302 200418 105594 -17706 149784 -44038 -489497 50384 -425830 18581 -71786 49538 -91794 245883 -296468 -24350 -379041 5996 285252 -133177 -53846 -272314 -275132 44919 73680 -69921 -185080 -251624 -286479 -80838 -73646 57085 -257997 162369 -40962 84451 -188653 -153127 -238618 107423 -17159 236129 390043
53152 214103 123088 22995 -171515 -16998 -244932 -85971 -14909 -27311 -104050 118082 -434421 49168 118542 -262059 -314517 92169 -185356 -269023 311129 247136 -264966 -107310 -111097 310188 -199068 -20692 -122940 269616 -345985 179769 88867 155891 -83452 181034 -122349 -403919 141397 126827 -323842 233558 73676 -268654 -394524 -47552 -123042 -47259 -244620 -106376 -51872 231595 -395856 -127573 -124053 207693 34608 -64954 313651 135403 -48649 184879 -263304 55649 -52390 -210430 35107 214216 -484197 211897 -236938 395106 -15652 -36572 -21486 289111 -100394 -6612 -93684 175463 -461557 41186 399703 -62704 -52753 -186645 -258677 5297 55608 -111600 57282 554223 -29837 491564 -52843 118131 28259 21002 -308856 288860 79365 445413 19662 -267029 161996 54110 216130 233074 -15278 26170 98169 164799 233663 210447 83654 125068 -53407 363158 -116881 14890 -46597 171039 103428 315405 -97246 125131 -265337 -391568
-90956 268386 202102 92102 -137859 -13228 -164011 -187116 -25735 -89350 -134455 235629 -410806 75621 98595 -105074 -331326 113938 -207783 -274035 247136 374644 -112124 -156309 -216807 301928 -125366 -76708 -74281 145177 -358219 230424 89679 209161 -135532 92607 96490 -310782 61753 -19611 -417047 151097 -10736 -231447 -174010 -154728 -11254 -19735 -320678 60460 -18395 333440 -278882 -150189 -157035 153837 -13708 -4993 292699 292476 -128059 176097 -150238 40023 -47773 -381200 81736 114682 -514930 266944 -109104 423303 109036 -136615 -6313 237848 -144075 5418 -142757 272770 -423236 126778 552502 -88826 -103165 -267568 -214833 -176618 29252 -227240 48974 523091 -81431 482415 54257 45816 -133616 186504 -234060 379989 52022 421547 6396 -340141 90415 75201 318891 294581 -26503 -146716 80711 239841 264223 397320 99683 66027 -76015 221992 -226748 31371 -93006 228174 219192 271338 -187135 6524 -232907 -435897
-141839 -147658 -19058 90914 188995 6983 264466 28381 75960 -77639 -6741 140458 394967 23797 -170588 312411 259718 9854 197030 151881 -264966 -112124 449492 80901 -118631 -282041 245233 -17465 278279 -357102 333728 -75629 -73563 -34993 -106517 -255455 400378 287798 -134642 -342053 109454 -360387 -147823 213720 662639 -77756 232072 80881 123215 295368 42431 -119058 491725 106788 78177 -268598 -110905 169663 -369745 109713 -116109 -205131 363318 -41234 18995 -32962 71734 -397926 358440 -124923 436368 -278583 173675 -51209 36063 -287804 -21801 217934 60204 -164483 511972 127622 -94222 286 -55087 117251 310816 -283885 -149435 -10095 -72521 -485080 -38396 -485103 69812 -182924 -177767 134533 315882 -160768 -213041 -446123 -101324 114836 -138992 -40096 34675 5193 -91966 -248569 -136967 -63474 -68107 38969 -65322 -210008 22100 -466181 -41483 59583 -87755 -51142 44394 -403074 56854 -391462 229563 230159
35650 -120748 -86385 2103 47032 13420 91954 115021 27525 -10544 36108 -60012 194741 -25468 -89852 49044 184551 -7858 127314 105707 -107310 -156309 80901 104384 27793 -159101 76228 24269 102337 -83399 205883 -101528 -15318 -47484 15589 -58368 34405 119094 -11887 -37582 153796 -126143 11299 81220 158729 55231 7246 26087 164343 -6136 20332 -122786 162022 73254 90857 -89034 896 59052 -203162 -104570 51205 -97727 95686 -7260 46953 152952 -46789 -111255 258600 -97969 158445 -153410 -26555 56993 18630 -132128 39379 45677 72879 -175548 229901 -48951 -210061 75372 39705 123140 129253 22825 -70162 97347 -19490 -249364 55912 -249289 -46082 -34386 -10884 -50068 114196 -181574 -100947 -205372 -33699 148205 -26773 -29459 -110002 -88079 -1421 7795 -55775 -121619 -95055 -125663 -62294 -47167 56133 -142643 102124 18428 14022 -95638 -57980 -173157 129101 -84118 99552 183909
96619 -126301 -135479 -151862 55794 -5475 17010 56857 -50638 149048 143285 -305269 141412 -77120 57323 -7887 105859 -155408 18804 182938 -111097 -216807 -118631 27793 319112 -85616 -15035 61662 -167057 40021 69765 -146029 -67716 -200082 225728 35108 -313129 200717 -34158 206578 310309 112103 46443 138527 -214075 147292 -81701 -30079 161499 -165395 4685 -216051 -16129 61039 58191 11233 52180 -131911 27357 -279184 159240 -18235 -54285 -35227 16224 310044 -77516 146641 216409 -168287 -222024 -255244 -163960 110023 -16589 -45065 154224 -188800 53760 -31729 45652 -169679 -425270 26702 106002 130052 -7615 307179 115209 156200 870 -186142 49442 -127894 -2399 46443 218582 -196816 50250 -191496 151675 -107548 84675 214203 -56366 -42474 -313295 -295734 103316 265088 22105 -130579 -225346 -344534 -26367 63389 14205 45850 180937 -103812 148253 -154539 -206098 32896 30305 271132 103268 255325
16191 256714 159588 7232 -171878 -26962 -255524 -151324 -41112 -9968 -97885 104377 -474098 41263 161423 -244241 -377515 66066 -250814 -269414 310188 301928 -282041 -159101 -85616 364043 -204997 -34459 -194835 276763 -430469 209928 75853 147640 -51189 194096 -144056 -379766 107999 150161 -344278 289324 60916 -263739 -445958 -68720 -107316 -60018 -308419 -94263 -52617 260527 -436324 -158538 -164145 237198 38461 -101200 399953 161963 -58208 225963 -288976 46398 -70687 -258212 50582 269797 -550968 232251 -328110 412319 -7077 -65662 -31608 323554 -89053 -69152 -125973 279790 -535400 48858 436656 -95705 -56453 -229198 -300039 13005 105073 -155732 58235 608428 -60937 562488 -10089 120256 34131 46131 -326454 358201 156757 503598 47273 -301631 136861 69974 227237 221428 5582 31192 124206 208516 230169 236210 108630 142821 -81593 393330 -153904 -16054 -35136 195202 108010 386293 -174955 180726 -272726 -420796
-64583 -124463 -45542 31326 114745 7957 180998 51371 34584 -29882 29902 6395 292996 -15893 -112970 190708 209528 -20310 134095 148308 -199068 -125366 245233 76228 -15035 -204997 165091 288 148574 -215255 241846 -85486 -52408 -56995 -11166 -147433 189695 236918 -93158 -161390 151506 -216651 -67413 157014 377017 -7397 118521 44653 131360 134514 34597 -121809 309093 76319 73201 -163138 -43525 94495 -255801 -10906 -17805 -134192 213416 -29317 33129 63770 3804 -217220 307413 -113297 245942 -223334 62968 -1826 22212 -202114 29166 80754 57730 -130540 346241 25378 -174100 35412 6320 109012 204749 -105650 -84326 36925 -48099 -365559 5037 -347078 26394 -105694 -88287 41886 213599 -157750 -113720 -309992 -50148 136901 -100873 -27553 -57883 -74428 -25205 -101935 -83853 -89177 -105093 -55545 -58258 -116657 33643 -292344 32952 18335 -18310 -78310 -18963 -255902 67890 -196818 173150 219352
41012 -46269 -42143 -32495 16292 -777 4038 38711 5306 31675 27099 -60911 49019 -14289 -1871 -17433 42588 -26052 28456 40153 -20692 -76708 -17465 24269 61662 -34459 288 25921 -9852 8097 45159 -38952 -16366 -46537 34133 5374 -66847 26522 6186 36678 79909 2295 15778 26722 -28800 43988 -23010 -4922 53590 -41438 -6161 -71555 10153 25608 24452 -7758 9900 -19233 -25953 -69976 32368 -20217 -6072 -4273 1998 87016 -16198 12055 71136 -50556 -26181 -69358 -41469 38444 -3505 -18323 30135 -6421 27294 -50299 44558 -35280 -109533 10629 23134 50963 15275 66638 9536 53531 -5240 -62513 16594 -59655 -25587 10485 60978 -61650 14397 -66902 6826 -51362 4990 59283 1501 -15788 -66499 -56470 6226 62777 -4345 -44974 -44703 -95213 -13195 5850 11450 2989 52035 -11688 23950 -42961 -57777 -21966 38139 32956 25286 67293
-57966 -99022 -22466 102023 79873 20261 155997 83181 76956 -98471 -38658 148878 230684 29966 -158919 151400 194448 70619 174294 49140 -122940 -74281 278279 102337 -167057 -194835 148574 -9852 268393 -208822 262615 -43621 -5665 38281 -136848 -156008 311591 92900 -31723 -249366 21475 -286147 -69153 75548 460036 -46524 121388 63077 108511 173755 25694 -45134 311812 73096 77525 -176195 -65869 166955 -310864 81089 -75380 -150667 233430 -3212 34995 -26763 24700 -302542 234204 -50693 390164 -107867 114415 -18826 34256 -187876 -52325 212580 59146 -202039 351227 88375 -8423 45933 -37815 81909 217964 -224813 -164778 11720 -42353 -289857 10783 -312362 -14638 -111725 -163290 89225 181927 -126619 -234282 -282245 -103478 60810 -38118 -24958 69206 70384 -89264 -199869 -107320 -62094 8790 66511 -61162 -144692 48270 -297125 -12200 90515 -87662 -27529 62378 -303522 120340 -331153 112327 109387
112843 159731 54527 -47021 -168656 -15376 -246478 -44379 -43999 37563 -33792 -43984 -384786 3909 143117 -288688 -259275 24215 -178954 -183366 269616 145177 -357102 -83399 40021 276763 -215255 8097 -208822 313345 -314642 108675 69819 72244 32685 215089 -290219 -319988 137030 251668 -174052 297354 115242 -222853 -530980 33826 -187624 -63959 -157747 -214152 -43770 139667 -430512 -106011 -89543 229873 74064 -124182 325855 -18078 50174 185834 -310560 44636 -29544 -48708 -23408 304805 -379312 141386 -347726 298692 -110526 25143 -25874 274503 -22920 -116986 -65537 151634 -462740 -60892 188005 -27104 12517 -126413 -272932 171999 103647 -28101 65106 483058 11852 450273 -69028 150940 123179 -79571 -302180 193103 148201 417288 62178 -159120 144817 38752 54892 85757 46797 164972 113830 89540 123757 43954 64565 169586 -33102 407073 -12895 -33021 32436 91896 6257 345629 -64178 270235 -226773 -272830
-2742 -302550 -187011 9850 189867 32716 296069 200649 64950 -8994 99817 -99719 550778 -41798 -208747 262247 458390 -54062 313834 300537 -345985 -358219 333728 205883 69765 -430469 241846 45159 262615 -314642 528459 -240013 -77990 -151035 31699 -227841 189554 409115 -102869 -188333 387820 -363803 -62236 284206 546394 82643 111277 75937 370923 109056 62554 -302556 515127 188316 202798 -282831 -47698 143097 -503713 -180097 65205 -272970 340182 -45181 92956 300149 -60478 -342186 652068 -265768 425947 -460400 11172 85969 45431 -381234 88033 121551 156981 -369403 641746 -53614 -495828 126255 62318 276521 363602 -35591 -154573 190341 -65264 -707405 83348 -670931 -16229 -140641 -58929 -52502 371807 -428800 -228808 -594166 -75298 349179 -138118 -83876 -245755 -226794 -20428 -50479 -154452 -256691 -249138 -259662 -137572 -171653 108704 -464055 186342 37017 23866 -224693 -113914 -476630 240065 -252686 310179 478990
-38724 172352 135196 53843 -90816 -15303 -122679 -114060 -2836 -50352 -95334 164086 -273968 49598 66352 -97481 -227417 76150 -136591 -189853 179769 230424 -75629 -101528 -146029 209928 -85486 -38952 -43621 108675 -240013 162980 49817 132577 -102990 70948 48674 -239838 53550 -8746 -274583 99967 -3361 -165489 -123717 -93389 -10347 -19812 -222270 33302 -27628 198944 -194347 -102540 -110256 104828 -8920 -10009 194832 194356 -96501 115775 -110590 30147 -47262 -251860 66058 73015 -349652 166547 -94826 277235 65951 -79952 -10346 171960 -97433 34970 -86436 165188 -272479 97725 366416 -74040 -70279 -165553 -140688 -116849 18341 -141391 23939 353945 -60205 316025 9703 34287 -59559 101301 -167516 251877 34300 273562 -5245 -229562 74949 46095 229394 213919 -36752 -83552 51790 157242 190034 244168 66351 40476 -54487 165091 -152026 22247 -71460 155275 127432 176593 -115790 -11008 -157679 -294176
4222 67102 35213 30947 -65223 6419 -58571 -13124 -6574 -35691 -36970 51585 -129657 19268 13396 -63472 -72656 49538 -37633 -85932 88867 89679 -73563 -15318 -67716 75853 -52408 -16366 -5665 69819 -77990 49817 49435 73567 -39255 43490 7199 -114509 46254 18013 -112339 40865 24540 -89707 -83292 -23179 -40860 -3835 -54982 -24268 -1036 99047 -101740 -35207 -21376 55117 10955 10784 58970 48598 -5196 46041 -62069 20777 8180 -70109 -8284 43710 -128029 82195 -5757 143525 5639 -18598 4164 66651 -41602 -2683 -27743 29592 -128131 5012 136684 12301 -13299 -65872 -65956 -21948 -10304 -37189 23427 156522 8729 142894 -13438 29665 -42595 32743 -81883 77124 -14461 131236 -2003 -80051 49037 19683 68718 77240 238 -24907 21695 41678 73443 99745 16124 32732 1865 84061 -29491 23168 -18449 48480 60919 74356 -4419 13503 -83144 -121570
-40036 145895 114165 95327 -93667 -2079 -83583 -61079 12955 -100174 -106810 187069 -224145 53251 6887 -78345 -150554 113933 -75129 -179697 155891 209161 -34993 -47484 -200082 147640 -56995 -46537 38281 72244 -151035 132577 73567 167064 -134600 40992 126210 -222455 63040 -58349 -272400 23616 6530 -163361 -20977 -95778 -8279 5304 -158415 48196 -5292 205272 -125142 -75797 -65998 66743 -13207 55291 86831 188616 -84283 77403 -60734 37712 -8017 -228789 40859 -1230 -266874 168267 49212 277480 80208 -71809 11124 114251 -111977 75753 -64051 82995 -191915 84834 352106 -17608 -68830 -135967 -84752 -154841 -47477 -123269 28980 286791 -25556 233632 -8193 15243 -130870 125337 -131533 198274 -58800 218775 -34433 -196853 79123 44141 221472 224401 -40716 -134717 23916 117137 184903 265938 37039 17644 -18764 91466 -126156 56181 -87730 136836 156684 93421 -47567 -91369 -142999 -262399
55930 -76404 -91057 -107039 23936 1004 14065 33252 -51411 101873 107036 -233096 88550 -65149 44175 1079 68187 -111838 -3346 135500 -83452 -135532 -106517 15589 225728 -51189 -11166 34133 -136848 32685 31699 -102990 -39255 -134600 178131 34678 -225485 160380 -35975 162366 219235 92794 40760 94402 -174770 102824 -61771 -24259 110824 -128762 11348 -131421 -28221 31890 39232 23327 50571 -94830 33180 -207327 129401 877 -49888 -25180 21205 216956 -73547 130628 149690 -104955 -168137 -163121 -121950 70669 -12694 -29775 118228 -177448 30609 1672 7283 -135655 -300661 34636 87049 77453 -17417 230401 89539 102223 3939 -121341 41662 -65515 8963 36048 136631 -128634 32565 -124145 125866 -52480 71604 152491 -49679 -19048 -232991 -228784 92337 186871 24879 -90123 -170486 -235393 -16978 55069 15340 39773 130815 -78821 117224 -111881 -140662 46062 13060 216394 69137 180967
78601 107718 35492 -42584 -117253 -11379 -171902 -28783 -35669 34473 -18262 -45041 -259558 -7231 101843 -200863 -184974 9480 -131979 -118823 181034 92607 -255455 -58368 35108 194096 -147433 5374 -156008 215089 -227841 70948 43490 40992 34678 157753 -215026 -212608 84608 184684 -108394 214719 85495 -148287 -384237 28816 -123908 -49725 -110447 -158557 -35865 88456 -303680 -76309 -65006 165597 60762 -94909 234222 -27550 39319 132943 -222394 28852 -27492 -24619 -21787 226460 -257651 93497 -261857 197395 -85820 18735 -25680 192610 -3886 -98107 -43640 115165 -319460 -46457 116387 -19260 16366 -82186 -191082 135565 83895 -17282 38804 328382 5843 311739 -49504 106370 99452 -65806 -206539 134093 123563 288640 49118 -101928 93752 31445 29469 42851 35642 124384 82996 61874 76421 9202 47008 119255 -25112 287773 -6441 -29659 29329 58132 -12316 247796 -50728 200221 -154063 -176263
-190389 -5996 85212 181548 87519 16825 191403 -30950 75594 -171311 -99638 311109 176618 71183 -163163 254084 115670 118640 122638 -15955 -122349 96490 400378 34405 -313129 -144056 189695 -66847 311591 -290219 189554 48674 7199 126210 -225485 -215026 526406 91831 -81764 -392058 -145761 -339146 -143513 57907 631927 -168430 221542 83243 -21750 334637 42107 95050 366354 28566 18669 -198653 -114358 221748 -283661 281000 -181699 -130445 305510 -5756 19673 -250618 91393 -381824 107101 43279 487386 -5089 245938 -127191 44354 -184010 -124396 256441 -4282 -81706 319974 199126 238876 -1443 -109689 -28797 224000 -426366 -188831 -128058 -45263 -217025 -53697 -241972 73936 -166950 -317702 260880 199656 24133 -260390 -232336 -123813 -71432 -71762 5401 235837 198836 -120930 -380938 -111067 49168 99124 299918 -28310 -190490 12310 -378115 -155776 117286 -158867 70040 198844 -304229 15069 -457188 92469 -17003
-68576 -264853 -163875 -55386 212797 21944 304555 90770 -7809 59052 158484 -209707 536971 -75786 -121099 335002 387245 -146590 207994 363625 -403919 -310782 287798 119094 200717 -379766 236918 26522 92900 -319988 409115 -239838 -114509 -222455 160380 -212608 91831 552011 -191903 -107549 442266 -246221 -84387 354374 423873 74604 134435 51233 313904 102348 74071 -295851 465598 157365 154385 -238606 -29468 48264 -350861 -209173 96552 -213878 304372 -76911 73980 298309 -64300 -209578 611358 -272497 232732 -512730 -7161 50276 24816 -355941 154051 -67334 108869 -181856 536359 -90804 -551745 84790 85728 226632 296378 54182 -32337 147227 -63248 -690588 43963 -590206 89385 -133758 -12447 -40404 382351 -365272 -47924 -534467 5523 354374 -219934 -66075 -327622 -352121 56981 12105 -104907 -211933 -334284 -296178 -99425 -130671 65115 -429942 167996 -45410 94047 -232270 -149162 -350781 100867 -74090 337481 513556
64270 64667 22758 7812 -81115 -3795 -110467 9577 5183 -13167 -39227 29775 -172322 19151 33731 -146094 -94953 46339 -45015 -109724 141397 61753 -134642 -11887 -34158 107999 -93158 6186 -31723 137030 -102869 53550 46254 63040 -35975 84608 -81764 -191903 91667 74280 -109579 89269 53269 -124093 -182528 8727 -87432 -16856 -57394 -80911 -20841 70301 -170570 -36746 -26046 84515 20779 -18538 94550 17458 4872 62883 -120720 30813 -5214 -34667 -3894 82623 -164254 72626 -78564 158641 -33020 16189 -1491 113796 -39413 17858 -17931 9363 -174519 -8573 120409 -936 -9031 -48168 -99493 31518 1508 -6877 30025 216517 15691 177776 -59582 62133 27169 -26299 -138131 73298 -1785 170346 -1986 -82571 91816 11235 62033 91417 -6297 39980 32810 31625 90127 51305 17887 59703 -2977 163550 -7959 15456 -14451 50738 27924 110717 12447 51729 -112894 -143756
136555 44348 -40400 -121103 -103813 -9226 -166722 8540 -68011 110503 62147 -219061 -196197 -52647 131551 -213793 -122332 -70726 -122171 -20348 126827 -19611 -342053 -37582 206578 150161 -161390 36678 -249366 251668 -188333 -8746 18013 -58349 162366 184684 -392058 -107549 74280 312424 59909 279968 119704 -86151 -519293 113942 -186181 -66600 -15192 -264228 -26062 -15520 -328375 -48914 -28141 181324 96933 -162598 247907 -189964 141798 128128 -262186 13328 -4905 149032 -79682 317891 -139513 10692 -380463 78220 -182923 82189 -30480 170036 80348 -217079 -14661 92361 -311714 -151819 -118120 11582 84006 -18370 -202617 311001 139951 72215 45749 237982 46531 259145 -55864 137421 204751 -171872 -188217 26353 200967 245450 97336 16406 67551 10324 -148582 -122074 102008 272930 97392 -17127 -47341 -171891 27784 162092 -6994 324488 103014 -83515 116770 -29335 -116979 275084 -22231 358516 -103721 -41376
75096 -301154 -231318 -129606 163747 18302 206070 176836 -5120 128412 188910 -330154 482257 -104943 -85420 165604 377061 -172013 207061 357605 -323842 -417047 109454 153796 310309 -344278 151506 79909 21475 -174052 387820 -274583 -112339 -272400 219235 -108394 -145761 442266 -109579 59909 523428 -138714 1706 301454 162591 181112 12854 15165 366523 -75881 37589 -380951 312834 161890 172592 -164877 25837 -24806 -295236 -361966 177370 -186245 167525 -60709 65572 452249 -111603 -81224 606842 -315062 65401 -515972 -136777 145480 4712 -281383 198239 -100472 147890 -252637 456738 -174610 -685828 103300 141213 287655 227822 242862 7003 252445 -52724 -622446 90903 -534701 -16353 -53037 152778 -206232 286746 -432600 3520 -476566 27061 409999 -146140 -81957 -420019 -409226 73505 194081 -77354 -273873 -355496 -472919 -108582 -60009 82181 -256392 270417 -68114 146007 -279574 -262450 -271492 174369 69770 293006 534691
83084 163931 58277 -85915 -139790 -23508 -239109 -96378 -74833 80496 -3835 -94722 -373937 -9162 186351 -245723 -291238 -27470 -222503 -149282 233558 151097 -360387 -126143 112103 289324 -216651 2295 -286147 297354 -363803 99967 40865 23616 92794 214719 -339146 -246221 89269 279968 -138714 351718 96245 -171389 -577369 30993 -161513 -75226 -180907 -208896 -44639 124743 -436858 -110710 -112178 238827 75531 -176986 398003 -33964 55154 204481 -315319 25592 -51119 -42450 -13101 356180 -391678 122585 -441444 246348 -116902 10030 -40026 280486 10950 -192420 -84791 238646 -492511 -69007 150459 -61270 16628 -138201 -295867 215253 168794 -43983 61787 473151 -15246 466449 -13377 150145 166670 -84233 -284183 213945 239960 424377 101661 -149812 101163 40963 12034 22124 75065 199009 133246 113544 79776 7030 84699 180466 -62027 413744 -25334 -74781 64399 86200 -22669 393743 -138210 352796 -205285 -243856
73715 19478 -17360 -29407 -59960 -4234 -75704 36419 -13988 15312 6081 -73131 -88904 -20163 28524 -122366 -37116 1699 -33125 -27558 73676 -10736 -147823 11299 46443 60916 -67413 15778 -69153 115242 -62236 -3361 24540 6530 40760 85495 -143513 -84387 53269 119704 1706 96245 73646 -64570 -201379 49093 -90610 -20495 6336 -120662 -11096 826 -138553 -15018 1463 77292 45575 -37750 66110 -76385 60536 49997 -115840 16940 9179 66666 -42238 112017 -50330 19692 -109556 64622 -77894 43865 -5402 70944 20251 -55367 4372 -1013 -119655 -69331 -28548 30011 32365 5919 -74118 118451 25890 36225 22236 112986 34725 95043 -57352 61183 63642 -70026 -94591 6396 37881 110276 19667 5745 53685 10012 -44245 -19643 33264 97263 34825 -20495 -400 -57199 1692 68291 11699 133837 51209 -16263 30025 -7846 -37770 93849 28312 107533 -61985 -30839
-34637 -194305 -117987 -45123 161214 10292 200112 67864 7165 51427 102964 -128655 375340 -43581 -81405 220127 258833 -101085 151779 239152 -268654 -231447 213720 81220 138527 -263739 157014 26722 75548 -222853 284206 -165489 -89707 -163361 94402 -148287 57907 354374 -124093 -86151 301454 -171389 -64570 248483 297223 53487 103070 33835 212089 76449 35811 -224079 326637 117015 102499 -173596 -29398 25693 -239481 -137852 46523 -155946 213488 -53458 30786 206183 -24148 -159063 411163 -200852 154696 -369949 -2714 40020 10445 -238669 99992 -9134 80764 -137738 385857 -43446 -374383 36151 46656 169246 208675 32105 -18846 107387 -49799 -476277 18171 -419487 52736 -91953 23400 -45865 263223 -255723 -34719 -383415 -2273 239713 -141982 -53594 -211779 -225926 17830 14056 -77180 -139531 -216340 -221272 -64325 -98593 33852 -291633 107788 -28210 54633 -155318 -116135 -252601 67701 -63778 230510 349548
-201447 -228515 -40517 163412 256960 22655 410749 84215 119519 -151626 -16302 213701 599158 32528 -291930 457409 432791 45042 325512 226338 -394524 -174010 662639 158729 -214075 -445958 377017 -28800 460036 -530980 546394 -123717 -83292 -20977 -174770 -384237 631927 423873 -182528 -519293 162591 -577369 -201379 297223 1023058 -108366 324417 131441 224301 428029 79337 -162592 749239 165181 146066 -406941 -156204 294752 -616010 151431 -148176 -320299 551098 -49752 63713 -29801 73958 -618606 580678 -175071 730765 -388522 254569 -66528 68819 -453741 -40161 335221 103776 -304685 790194 168261 -149385 52273 -69765 182662 486244 -436120 -267349 1760 -101952 -744878 -21136 -748766 78337 -274339 -318842 211790 475934 -271789 -377732 -676273 -168195 188769 -193018 -57060 45656 13677 -131854 -393728 -216142 -126633 -103254 77678 -118222 -315660 65328 -718348 -33323 113159 -136154 -90023 87073 -636221 143395 -620576 339693 352719
